%physical parameters
m=0.035; % kg
ix=1.112951*10^-5; %kgm^2
iy=1.1143608*10^-5;
iz=2.162056*10^-5;

kd=1*10^-9;
b=3.5077E-10;