function M = mfunc(m, ix, iy, iz)


M = [m 0 0 0 0 0; 
       0 m 0 0 0 0; 
       0 0 m 0 0 0; 
       0 0 0 ix 0 0; 
       0 0 0 0 iy 0; 
       0 0 0 0 0 iz];



end

